   T
           30
    17.78415       17.78415      -2.338806      -9.846198      0.8191521    
   0.5735764      0.0000000E+00 -0.1192532      0.1703113      0.9781476    
   0.5610424     -0.8012516      0.2079117       12.00000      -55.00000    
   0.0000000E+00  0.0000000E+00   7.849036      -9.757277      -2.249885    
    15.35643      0.0000000E+00  0.0000000E+00   950.0000       920.0000    
   0.0000000E+00  0.0000000E+00  0.0000000E+00  0.0000000E+00  0.4409856    
            8
COLOR FILL          VECTOR ARROWS       HISTORY             SURFACE PLOT        
NO                  PRESSURE            SCALAR PLOT         X                   
           13
   F   F   T   T   T   F   F   F   T   F   F   F   F
          162
            1           1           0           1         152          25
           61          97         133         156         169         192
          205         228         241        -264         277        -300
          313        -336         349        -372         385         408
          421         588         624         660        -696        -732
         -768        -804         840        1020        1056        1092
        -1128       -1164       -1200       -1236        1272        1452
         1488        1524       -1560       -1596       -1632       -1668
         1704        1884        1920        1956       -1992       -2028
        -2064       -2100        2136        2316        2352        2388
        -2424       -2460       -2496       -2532        2568        2748
         2784        2820       -2856       -2892       -2928       -2964
         3000        3180        3216        3252       -3288       -3324
        -3360       -3396        3432        3612        3648        3684
        -3720       -3756       -3792       -3828        3864        4044
         4080        4116       -4152       -4188       -4224       -4260
         4296        4476        4512        4548       -4584       -4620
        -4656       -4692        4728        4908        4944        4980
        -5016       -5052       -5088       -5124        5160        5340
         5376        5412       -5448       -5484       -5520       -5556
         5592        5772        5808        5844       -5880       -5916
        -5952       -5988        6024        6204        6240        6276
        -6312       -6348       -6384       -6420        6456        6516
         6552        6588        6624        6636        6660        6672
         6696        6708        6732       -6744        6768       -6780
         6804       -6816        6840       -6852        6876        6888
         6912          15           9          10         100           0
   T
           30
    17.78415       17.78415      -2.338806      -9.846198      0.8191521    
   0.5735764      0.0000000E+00 -0.1192532      0.1703113      0.9781476    
   0.5610424     -0.8012516      0.2079117       12.00000      -55.00000    
   0.0000000E+00  0.0000000E+00   7.849036      -9.757277      -2.249885    
    15.35643      0.0000000E+00  0.0000000E+00   950.0000       920.0000    
   0.0000000E+00  0.0000000E+00  0.0000000E+00  0.0000000E+00  0.4409856    
            8
COLOR FILL          VECTOR ARROWS       HISTORY             SURFACE PLOT        
NO                  PRESSURE            SCALAR PLOT         X                   
           13
   F   F   T   T   T   F   F   F   T   F   F   F   F
          162
            1           1           0           1         152          25
           61          97         133         156         169         192
          205         228         241        -264         277        -300
          313        -336         349        -372         385         408
          421         588         624         660        -696        -732
         -768        -804         840        1020        1056        1092
        -1128       -1164       -1200       -1236        1272        1452
         1488        1524       -1560       -1596       -1632       -1668
         1704        1884        1920        1956       -1992       -2028
        -2064       -2100        2136        2316        2352        2388
        -2424       -2460       -2496       -2532        2568        2748
         2784        2820       -2856       -2892       -2928       -2964
         3000        3180        3216        3252       -3288       -3324
        -3360       -3396        3432        3612        3648        3684
        -3720       -3756       -3792       -3828        3864        4044
         4080        4116       -4152       -4188       -4224       -4260
         4296        4476        4512        4548       -4584       -4620
        -4656       -4692        4728        4908        4944        4980
        -5016       -5052       -5088       -5124        5160        5340
         5376        5412       -5448       -5484       -5520       -5556
         5592        5772        5808        5844       -5880       -5916
        -5952       -5988        6024        6204        6240        6276
        -6312       -6348       -6384       -6420        6456        6516
         6552        6588        6624        6636        6660        6672
         6696        6708        6732       -6744        6768       -6780
         6804       -6816        6840       -6852        6876        6888
         6912          15           9          10         100           0
